Control	0.000000
CTCF	0.634083	0.000000
H2AZ	0.515694	0.000000	0.000000
H3K9me3	0.000000	0.000000	0.000000	0.000000
H3K27ac	0.855338	0.000000	0.766557	0.000000	0.000000
H3K27me3	2.238884	0.000000	0.000000	0.000000	-0.790522	0.000000
H3K36me3	0.000000	0.000000	0.000000	0.000000	0.000000	0.000000	0.000000
CHD1	0.000000	0.000000	0.000000	0.000000	0.994892	0.000000	0.000000	0.000000
H3K79me2	0.000000	0.000000	0.000000	0.000000	0.000000	0.000000	0.533807	0.000000	0.000000
H3K9ac	0.000000	0.000000	0.000000	0.000000	2.486526	0.000000	0.000000	0.000000	0.000000	0.000000
H4K20me1	0.000000	0.000000	0.000000	0.000000	0.000000	0.000000	0.000000	0.000000	0.000000	0.000000	0.000000
H3K3me1	0.598753	0.000000	0.000000	0.000000	0.000000	0.000000	0.000000	0.000000	0.000000	0.000000	0.620074	0.000000
H3K4me2	0.865114	0.000000	2.998073	-1.513348	-0.501273	0.000000	-0.614173	0.000000	0.000000	0.000000	1.216714	1.303070	0.000000
H3K4me3	0.000000	0.000000	2.257360	0.000000	0.000000	0.000000	0.000000	0.000000	0.692805	0.660688	1.313084	-1.917675	1.271985	0.000000
JARID1A	0.000000	0.000000	0.000000	0.000000	0.000000	0.000000	0.000000	0.000000	0.000000	0.000000	0.000000	0.000000	0.000000	0.000000	0.000000
RBBP5	0.000000	0.000000	0.000000	0.000000	0.000000	0.000000	0.000000	0.000000	0.000000	0.000000	0.000000	0.000000	0.000000	0.000000	0.000000	0.000000
